19 0.6554921875 0.21179629629629632 0.03198177083333333 0.04492592592592593
0 0.6091328125000001 0.21391666666666667 0.043671875 0.04025462962962963
0 0.38159375 0.1702685185185185 0.03654947916666666 0.0378287037037037
18 0.7376328125 0.6570462962962963 0.010927083333333334 0.015587962962962963
16 0.390296875 0.32887962962962963 0.017244791666666665 0.049810185185185187
20 0.3387473958333333 0.3356388888888889 0.020955729166666666 0.04876388888888889
20 0.3441692708333333 0.18362037037037038 0.020356770833333333 0.04695833333333334
11 0.6348619791666666 0.8548935185185185 0.01648697916666667 0.06261111111111112
20 0.7373072916666668 0.6350648148148148 0.009299479166666668 0.019833333333333335
0 0.86496875 0.7143379629629629 0.005182291666666667 0.005393518518518519
0 0.7506015625 0.6329537037037037 0.012192708333333333 0.012041666666666668
0 0.7512630208333333 0.6554166666666666 0.012854166666666667 0.012921296296296297