20 0.588655753968254 0.3218386243386243 0.033000992063492066 0.07076719576719577
2 0.5414806547619048 0.4138403880070547 0.037842261904761906 0.056014109347442685
0 0.5421527777777778 0.3168298059964727 0.04340029761904762 0.04036596119929453
20 0.5893601190476191 0.41045414462081126 0.03404265873015873 0.07329365079365079
6 0.26268353174603176 0.5053924162257496 0.018950892857142857 0.0358289241622575
5 0.28526289682539685 0.5017724867724868 0.01773561507936508 0.03057760141093474
2 0.35108382936507937 0.6124647266313933 0.013454861111111112 0.026856261022927687
12 0.3704737103174603 0.6144003527336861 0.009233630952380951 0.022985008818342152
15 0.4324255952380952 0.7245723104056437 0.01607142857142857 0.11880511463844796
6 0.49021329365079364 0.6456172839506172 0.004828869047619047 0.011865079365079365
2 0.6085342261904763 0.6619268077601411 0.003583829365079365 0.006208112874779541
20 0.6124330357142856 0.6620282186948854 0.0030009920634920632 0.006415343915343916
20 0.6126066468253969 0.6550925925925926 0.0031175595238095237 0.006208112874779541
7 0.48411458333333335 0.6450837742504409 0.005657242063492063 0.010070546737213405
1 0.4978869047619048 0.32432539682539685 0.030786210317460316 0.05194003527336861