6 0.4385019841269841 0.29250881834215164 0.017296626984126984 0.05521604938271605
6 0.29110367063492065 0.3244973544973545 0.013871527777777778 0.04718253968253969
6 0.14051091269841268 0.35813932980599644 0.010238095238095239 0.037680776014109345
12 0.24103918650793651 0.515216049382716 0.009285714285714284 0.02597442680776014
12 0.5781572420634921 0.5208906525573193 0.01719990079365079 0.038765432098765436
6 0.06680059523809523 0.37527777777777777 0.006520337301587301 0.03448853615520282
12 0.2069593253968254 0.5155864197530864 0.006569940476190476 0.024977954144620812
0 0.2622891865079365 0.15470017636684305 0.02490575396825397 0.047402998236331574
0 0.062457837301587306 0.2432583774250441 0.01697668650793651 0.040480599647266316
12 0.04268849206349207 0.514700176366843 0.005471230158730158 0.020961199294532627
12 0.30994543650793654 0.8172178130511464 0.02023561507936508 0.07445767195767196