5 0.2280877976190476 0.2732451499118166 0.016555059523809524 0.03171957671957672
5 0.34595238095238096 0.325978835978836 0.008650793650793652 0.017072310405643738
5 0.6829588293650793 0.31664462081128747 0.008625992063492063 0.017605820105820107
20 0.16110367063492065 0.20377425044091713 0.026470734126984127 0.052204585537918874
6 0.3337078373015873 0.3266931216931217 0.010399305555555556 0.021997354497354498
6 0.20679315476190474 0.2744753086419753 0.015959821428571427 0.038452380952380946
5 0.8382936507936508 0.25789241622574954 0.014662698412698412 0.0315652557319224
6 0.8187301587301588 0.2612962962962963 0.015476190476190475 0.03682098765432099
20 0.8784375 0.1908068783068783 0.024645337301587304 0.054281305114638446
6 0.7830059523809524 0.5466005291005291 0.009516369047619048 0.02109347442680776
6 0.653779761904762 0.5085537918871252 0.0057390873015873015 0.012367724867724868
6 0.20158978174603173 0.5691975308641976 0.011061507936507937 0.022826278659611995
6 0.32988839285714283 0.5190784832451499 0.005369543650793651 0.012804232804232804
6 0.6718526785714285 0.3185141093474427 0.008593749999999999 0.021243386243386245