0 0.5949305555555556 0.24170634920634923 0.03204861111111111 0.040679012345679014
0 0.5996081349206349 0.46952380952380957 0.03365575396825397 0.04480599647266314
17 0.6096304563492064 0.3571825396825397 0.025198412698412696 0.04225749559082893
14 0.4062847222222222 0.3333686067019401 0.032790178571428574 0.0496384479717813
21 0.40515376984126983 0.21062169312169313 0.027507440476190477 0.05500440917107584
12 0.4439657738095238 0.46778659611992945 0.007876984126984128 0.01814373897707231
21 0.43988343253968254 0.4420194003527337 0.008695436507936508 0.020321869488536155
4 0.4485391865079365 0.4419885361552028 0.009104662698412699 0.020264550264550266
0 0.2671279761904762 0.6596693121693122 0.004630456349206349 0.006812169312169312
0 0.2671924603174603 0.6731746031746032 0.004484126984126984 0.006578483245149912
2 0.2667956349206349 0.6865608465608465 0.004484126984126984 0.007517636684303351