0 0.5875703125 0.21500462962962963 0.0464765625 0.0434212962962963
19 0.6361901041666667 0.21362962962962964 0.031864583333333335 0.04280092592592593
0 0.34931770833333337 0.17287962962962963 0.037421875 0.038685185185185184
16 0.35747395833333334 0.3380787037037037 0.019919270833333332 0.05299074074074074
20 0.3094895833333334 0.1870462962962963 0.020078125 0.04896759259259259
20 0.3033489583333333 0.3459305555555556 0.019692708333333333 0.05196759259259259
0 0.743375 0.6666296296296297 0.012921875 0.012222222222222221
0 0.7441666666666666 0.6888425925925926 0.012393229166666667 0.012930555555555556
0 0.8600807291666667 0.7494305555555556 0.005513020833333334 0.005712962962962963
20 0.730359375 0.6672685185185185 0.008315104166666667 0.018430555555555558
18 0.7304322916666667 0.6906342592592593 0.010505208333333333 0.015314814814814814
11 0.6238020833333333 0.8929953703703704 0.016828125000000003 0.06768518518518518