20 0.3060094246031746 0.26762345679012345 0.03158978174603175 0.06552910052910053
2 0.3507713293650794 0.2704541446208113 0.03822916666666666 0.06686507936507936
1 0.9666815476190476 0.612905643738977 0.02074156746031746 0.027138447971781304
19 0.6981473214285714 0.1847663139329806 0.03103670634920635 0.047275132275132276
1 0.6573363095238095 0.18402557319223986 0.03246527777777778 0.057050264550264546
0 0.6106001984126984 0.1790432098765432 0.03162946428571429 0.03443121693121693
19 0.963720238095238 0.5428262786596121 0.01615575396825397 0.0236331569664903
19 0.684563492063492 0.568015873015873 0.01751984126984127 0.027037037037037037
19 0.9679985119047618 0.6634391534391535 0.020215773809523812 0.02491622574955908
0 0.8274206349206349 0.501221340388007 0.009866071428571429 0.012191358024691358
11 0.7655505952380952 0.3215123456790124 0.016684027777777777 0.06944444444444445