0 0.34835677083333333 0.2320648148148148 0.026901041666666667 0.026060185185185186
0 0.4957109375 0.2834814814814815 0.02606770833333333 0.024652777777777777
16 0.35509114583333334 0.333837962962963 0.012640624999999999 0.029578703703703704
0 0.48792968750000004 0.5355 0.004203125 0.004699074074074074
0 0.4878645833333334 0.5434861111111111 0.0043359374999999995 0.004699074074074074
0 0.5125651041666667 0.5621574074074074 0.0030078125 0.003523148148148148
18 0.31990104166666666 0.3338888888888889 0.017544270833333334 0.027273148148148147
18 0.4215520833333333 0.5449814814814815 0.0034921875 0.006625
18 0.48365625 0.544175925925926 0.002796875 0.0050185185185185185
20 0.48365625 0.536449074074074 0.00234375 0.005620370370370371
20 0.32117447916666664 0.23611574074074074 0.013786458333333333 0.030222222222222223
19 0.5223177083333334 0.2893240740740741 0.017979166666666668 0.025814814814814815