6 0.06303125 0.16250462962962964 0.028046875000000002 0.04511574074074074
5 0.03540104166666667 0.16133796296296296 0.026559895833333333 0.035194444444444445
6 0.6987317708333334 0.1729537037037037 0.020635416666666666 0.03762962962962963
15 0.026609375 0.45444444444444443 0.04610416666666666 0.11350462962962962
15 0.374015625 0.449 0.09920052083333333 0.10712962962962963
6 0.41328645833333333 0.17360648148148147 0.01885416666666667 0.03980092592592593
15 0.7623723958333334 0.44560648148148146 0.09585677083333333 0.10470833333333333
4 0.44029427083333333 0.1715787037037037 0.021388020833333334 0.034138888888888885
5 0.7236328125 0.17123611111111112 0.020151041666666664 0.036439814814814814
15 0.49722916666666667 0.44814814814814813 0.101359375 0.10753703703703704
15 0.6408385416666668 0.44675925925925924 0.09355208333333334 0.10956944444444444