0 0.238546875 0.34519444444444447 0.0192421875 0.01950925925925926
0 0.3732838541666667 0.5160046296296296 0.008768229166666667 0.009041666666666667
0 0.3732838541666667 0.5307546296296296 0.008231770833333334 0.00999074074074074
0 0.4500859375 0.564300925925926 0.0039296875 0.0057083333333333335
16 0.24563802083333333 0.41894444444444445 0.009338541666666667 0.024263888888888887
0 0.34652343750000003 0.3787361111111111 0.018942708333333332 0.0180787037037037
11 0.7437291666666667 0.8515925925925926 0.032927083333333336 0.17253703703703704
11 0.5344765625 0.6520694444444445 0.008049479166666667 0.03566203703703704
20 0.21922135416666666 0.35037037037037033 0.010809895833333333 0.02602314814814815
20 0.21917708333333333 0.4192824074074074 0.010809895833333333 0.022912037037037036
20 0.3638880208333333 0.5178055555555555 0.006388020833333333 0.012828703703703703
18 0.364015625 0.5329259259259259 0.0076770833333333335 0.01099537037037037
19 0.366078125 0.38216666666666665 0.015408854166666668 0.020162037037037037