20 0.15625248015873017 0.15397707231040567 0.02704613095238095 0.052208994708994705
7 0.8350967261904763 0.40931657848324515 0.01765376984126984 0.025286596119929453
6 0.04720734126984127 0.5968738977072311 0.005694444444444445 0.01623015873015873
20 0.0726860119047619 0.5729320987654322 0.008720238095238095 0.02190917107583774
18 0.15434275793650792 0.2291710758377425 0.02544890873015873 0.04578924162257495
0 0.1847916666666667 0.16915343915343914 0.024146825396825396 0.039197530864197534
19 0.505701884920635 0.3583024691358025 0.009816468253968253 0.02729717813051146
20 0.6937276785714286 0.37541005291005286 0.01142609126984127 0.024850088183421517
6 0.8559821428571429 0.4064991181657849 0.017289186507936507 0.0374294532627866
0 0.726031746031746 0.4025088183421517 0.013449900793650793 0.011834215167548501
5 0.05589781746031746 0.5972134038800706 0.006736111111111111 0.013223104056437389
17 0.020481150793650794 0.568721340388007 0.004967757936507937 0.008813932980599647