0 0.349937996031746 0.29435185185185186 0.03905753968253968 0.03970899470899471
17 0.5378447420634921 0.31533509700176365 0.026770833333333334 0.04162257495590829
21 0.5393328373015873 0.21093033509700176 0.024191468253968257 0.0564373897707231
0 0.3527529761904762 0.18745149911816578 0.03664682539682539 0.03471340388007055
0 0.533343253968254 0.10622134038800705 0.03229910714285714 0.03332451499118166
14 0.34142857142857147 0.0739373897707231 0.026498015873015875 0.04096119929453263
0 0.34644345238095237 0.49159171075837743 0.004298115079365079 0.004691358024691358
0 0.3273561507936508 0.4980026455026455 0.0025446428571428573 0.0034391534391534392
0 0.3275768849206349 0.5057451499118165 0.0026339285714285714 0.0035978835978835977
17 0.3695808531746032 0.49205908289241623 0.0039409722222222224 0.006256613756613756
21 0.36918402777777776 0.5047266313932981 0.0029737103174603177 0.005630511463844797