12 0.4493328373015873 0.4222574955908289 0.018268849206349205 0.04122134038800705
16 0.595047123015873 0.41272045855379186 0.004104662698412699 0.012389770723104057
2 0.16584325396825395 0.1751851851851852 0.0252703373015873 0.05140652557319224
0 0.16479166666666667 0.2899603174603175 0.029513888888888888 0.04148589065255732
0 0.2585019841269841 0.4192283950617284 0.007504960317460318 0.010731922398589066
17 0.33349702380952384 0.14720458553791888 0.03342509920634921 0.055
21 0.336046626984127 0.2724118165784833 0.02760168650793651 0.06211640211640211
0 0.6386607142857142 0.4390652557319224 0.008804563492063492 0.009700176366843033
21 0.6404960317460318 0.46578483245149915 0.006919642857142857 0.014814814814814815
0 0.5946701388888889 0.4651675485008818 0.008122519841269842 0.008994708994708995
14 0.5928348214285715 0.4384479717813051 0.00842013888888889 0.012698412698412698
6 0.2210639880952381 0.464510582010582 0.0049950396825396825 0.013527336860670194
6 0.2688740079365079 0.4698633156966491 0.004072420634920635 0.012116402116402117
6 0.2967485119047619 0.472962962962963 0.003097718253968254 0.010965608465608467
12 0.2432936507936508 0.520405643738977 0.003338293650793651 0.009206349206349206
6 0.007368551587301588 0.48127865961199295 0.005553075396825397 0.013875661375661374