12 0.4394345238095238 0.5433024691358025 0.008387896825396826 0.017508818342151677
0 0.49438988095238096 0.5242857142857142 0.00587797619047619 0.006256613756613756
0 0.49438988095238096 0.541820987654321 0.005550595238095238 0.0061111111111111106
0 0.3906125992063492 0.11914902998236332 0.05178323412698412 0.05864197530864197
0 0.4682465277777778 0.1328615520282187 0.0156969246031746 0.03034391534391534
17 0.6822073412698413 0.11209435626102292 0.049588293650793654 0.07625661375661374
21 0.6794667658730159 0.2843915343915344 0.03572172619047619 0.0710978835978836
21 0.4612946428571429 0.09432098765432098 0.01349454365079365 0.030388007054673722
4 0.47451636904761907 0.09452380952380952 0.01300843253968254 0.02996031746031746
14 0.5237748015873016 0.5252777777777777 0.005813492063492064 0.009118165784832452
21 0.5244742063492063 0.5434435626102293 0.004880952380952381 0.010361552028218694
17 0.5236954365079365 0.5612654320987654 0.005503472222222223 0.008703703703703703