12 0.26401785714285714 0.29505291005291 0.020706845238095236 0.0516005291005291
12 0.29107638888888887 0.2975705467372134 0.006733630952380952 0.052764550264550264
14 0.6430431547619048 0.32149029982363314 0.011592261904761906 0.017980599647266313
21 0.6440203373015874 0.35962962962962963 0.009965277777777778 0.021040564373897706
17 0.6426289682539682 0.3991490299823633 0.011121031746031747 0.017297178130511463
0 0.579672619047619 0.36059523809523814 0.011641865079365078 0.01332010582010582
0 0.5793303571428572 0.32340828924162257 0.011674107142857142 0.011344797178130512
0 0.6937425595238096 0.4230467372134039 0.00398313492063492 0.005070546737213404
0 0.6938740079365079 0.4362433862433862 0.004208829365079365 0.004955908289241623
21 0.7170907738095238 0.43535714285714283 0.004322916666666667 0.008324514991181657
21 0.7172098214285714 0.44948853615520284 0.003353174603174603 0.007442680776014109
21 0.7321279761904762 0.45329365079365075 0.002958829365079365 0.005260141093474426
0 0.013125000000000001 0.3169885361552028 0.018249007936507935 0.018738977072310405
12 0.09705357142857143 0.4755908289241623 0.005339781746031746 0.01169753086419753
12 0.11944940476190476 0.4759700176366843 0.004913194444444444 0.010943562610229277
6 0.14377232142857144 0.40904761904761905 0.005788690476190476 0.01642416225749559