1 0.4142708333333333 0.2630026455026455 0.027800099206349207 0.048655202821869484
1 0.4461135912698413 0.555599647266314 0.006674107142857143 0.010595238095238095
0 0.42674851190476193 0.5332495590828924 0.010401785714285714 0.01423721340388007
0 0.3257663690476191 0.15620811287477954 0.04652529761904762 0.05798059964726631
20 0.2767906746031746 0.16240299823633156 0.03215277777777777 0.07201499118165786
18 0.2792683531746032 0.26969576719576716 0.04041666666666667 0.06026014109347442
18 0.4162673611111111 0.5586331569664903 0.008551587301587301 0.01306437389770723
18 0.4427207341269841 0.6140432098765433 0.0027132936507936506 0.004069664902998237
20 0.44259920634920635 0.6071384479717813 0.0022718253968253966 0.005374779541446208
20 0.4157118055555556 0.5349250440917108 0.007673611111111111 0.016710758377425042
12 0.34170882936507935 0.676657848324515 0.0037648809523809523 0.0088668430335097
2 0.34274305555555556 0.6210714285714285 0.004749503968253968 0.0092989417989418
1 0.3431374007936508 0.6309126984126985 0.0034623015873015877 0.006490299823633157