12 0.525032242063492 0.5079673721340388 0.005 0.015868606701940038
12 0.5170436507936508 0.5078174603174603 0.003812003968253968 0.015264550264550264
0 0.2728720238095238 0.2682142857142857 0.026252480158730156 0.030687830687830684
0 0.2728720238095238 0.1781172839506173 0.026252480158730156 0.03198412698412699
21 0.42041666666666666 0.2592283950617284 0.022683531746031743 0.048818342151675485
21 0.4199032738095238 0.3610008818342152 0.018430059523809526 0.041362433862433864
21 0.3914930555555556 0.15741622574955907 0.006371527777777778 0.013897707231040564
4 0.3979166666666667 0.1571957671957672 0.006178075396825397 0.013540564373897708
21 0.6100173611111112 0.5110273368606701 0.004908234126984126 0.00929453262786596
14 0.5799181547619048 0.49276455026455024 0.005324900793650793 0.008293650793650792
0 0.5816542658730158 0.5095987654320988 0.005223214285714285 0.005308641975308641
0 0.6083978174603174 0.4939550264550264 0.00550843253968254 0.005811287477954144
6 0.1974454365079365 0.4803880070546737 0.004523809523809524 0.018932980599647264
8 0.20107142857142857 0.48139770723104053 0.004087301587301587 0.00966931216931217