20 0.0884375 0.48060648148148144 0.0126953125 0.024935185185185185
20 0.09009114583333333 0.40462037037037035 0.011768229166666666 0.02399537037037037
0 0.11185416666666666 0.4022685185185185 0.021156249999999998 0.019759259259259258
0 0.23014062500000002 0.4395555555555556 0.020072916666666666 0.01811574074074074
19 0.2517109375 0.4428472222222222 0.013726562500000001 0.019995370370370368
0 0.2617994791666666 0.5879814814814814 0.009244791666666667 0.007944444444444445
0 0.2620442708333333 0.6038749999999999 0.009408854166666668 0.008814814814814815
20 0.25176302083333335 0.5892083333333333 0.006078125 0.01300462962962963
18 0.252046875 0.6056111111111111 0.008109375 0.010837962962962962
11 0.19385416666666666 0.7454722222222222 0.0108515625 0.039828703703703706
11 0.4316510416666667 0.7309722222222222 0.007510416666666667 0.038754629629629625
11 0.6631354166666666 0.9314074074074074 0.03325 0.13718981481481482
16 0.11800781249999999 0.48013888888888884 0.010927083333333334 0.026314814814814815