21 0.5630505952380952 0.25576278659611995 0.024191468253968257 0.048734567901234566
21 0.5716691468253968 0.36205467372134037 0.023080357142857142 0.04755731922398589
6 0.2705208333333333 0.5302689594356261 0.019057539682539683 0.044250440917107586
0 0.26316716269841267 0.6194797178130511 0.0077380952380952375 0.00992063492063492
0 0.38359375 0.6281878306878307 0.003901289682539683 0.005079365079365079
7 0.2520089285714286 0.5283906525573193 0.016448412698412698 0.023708112874779544
7 0.3253546626984127 0.6488756613756614 0.002824900793650794 0.005806878306878307
6 0.32862103174603174 0.6485097001763668 0.0033680555555555556 0.009435626102292769
14 0.3588293650793651 0.650326278659612 0.004722222222222222 0.007742504409171075
14 0.35991815476190475 0.6275837742504409 0.00363343253968254 0.005321869488536155
2 0.3823685515873016 0.6510537918871252 0.003901289682539683 0.007257495590828925
21 0.3207266865079365 0.6209303350970018 0.0071800595238095235 0.013791887125220458
16 0.7653521825396825 0.3567636684303351 0.018234126984126985 0.04440917107583774
0 0.767016369047619 0.2527689594356261 0.02822420634920635 0.03330687830687831