0 0.41513802083333334 0.27994444444444444 0.04598697916666667 0.0450324074074074
15 0.48815885416666666 0.6637129629629629 0.034546875 0.09474537037037037
6 0.6350442708333334 0.43241666666666667 0.017302083333333333 0.03723148148148148
6 0.0905 0.41341203703703705 0.023794270833333336 0.033694444444444444
5 0.658296875 0.43567129629629625 0.021341145833333335 0.027189814814814812
5 0.4169322916666667 0.4245555555555555 0.01608333333333333 0.030240740740740738
20 0.3684895833333333 0.27905092592592595 0.03496614583333334 0.04547222222222222
6 0.3954479166666667 0.4293009259259259 0.019494791666666667 0.02736111111111111
5 0.07193229166666668 0.4136898148148148 0.022341145833333336 0.030055555555555558
15 0.5888072916666667 0.6623935185185185 0.0799375 0.09789814814814815
15 0.6914010416666667 0.6616898148148148 0.07912239583333333 0.09649074074074074
15 0.37609375 0.6532407407407408 0.0412265625 0.07254166666666667