2 0.6213802083333333 0.3818240740740741 0.015338541666666667 0.026060185185185186
0 0.6215703124999999 0.33846296296296297 0.0210390625 0.019532407407407408
0 0.6220885416666667 0.29941666666666666 0.02071614583333333 0.01921759259259259
18 0.5996458333333333 0.3426666666666667 0.014432291666666668 0.02203240740740741
20 0.5991380208333333 0.38250462962962967 0.0126484375 0.02702777777777778
20 0.6002369791666666 0.30349537037037033 0.01196875 0.026421296296296297
0 0.6801875000000001 0.5112546296296296 0.005877604166666666 0.0054675925925925925
0 0.6865598958333333 0.5486805555555556 0.004205729166666667 0.005
0 0.6864739583333334 0.5564166666666667 0.0043828124999999996 0.004842592592592593
0 0.7129739583333333 0.5222731481481481 0.006046874999999999 0.00625
20 0.6742994791666667 0.511800925925926 0.0037708333333333335 0.008125
20 0.6739921875 0.5333657407407407 0.0038567708333333336 0.008125
20 0.682078125 0.5493055555555556 0.0031536458333333334 0.006564814814814815
19 0.7188177083333334 0.5238333333333334 0.004552083333333333 0.006875