1 0.39409474206349204 0.2842636684303351 0.022113095238095237 0.03812610229276896
18 0.31863343253968257 0.2888932980599647 0.03294642857142857 0.04470017636684303
20 0.3175173611111111 0.19750440917107584 0.025870535714285714 0.055295414462081124
0 0.3585143849206349 0.19536596119929453 0.03705605158730159 0.03205908289241622
1 0.4438665674603175 0.5169135802469136 0.005818452380952381 0.010211640211640212
1 0.4353100198412699 0.4949250440917108 0.008988095238095238 0.007530864197530863
20 0.42505208333333333 0.49564373897707226 0.007160218253968254 0.015529100529100528
18 0.4256498015873016 0.5181172839506173 0.008355654761904762 0.011768077601410935
18 0.47354166666666664 0.5733730158730159 0.0024776785714285716 0.003880070546737214
14 0.45050347222222226 0.5731437389770724 0.002743055555555556 0.004343033509700176
21 0.4502752976190476 0.5666798941798942 0.0019345238095238094 0.0044444444444444444