0 0.0462890625 0.15663425925925925 0.03640104166666667 0.04475462962962963
0 0.7209505208333333 0.35644907407407406 0.018893229166666668 0.019268518518518518
0 0.7204999999999999 0.39337962962962963 0.0191953125 0.019268518518518518
0 0.7865468750000001 0.5508101851851852 0.005427083333333333 0.00587037037037037
0 0.7945494791666667 0.588300925925926 0.003901041666666667 0.004518518518518518
0 0.7944218749999999 0.5960925925925926 0.003901041666666667 0.004740740740740741
0 0.8207786458333334 0.5626666666666666 0.006815104166666667 0.006999999999999999
18 0.6998515624999999 0.3967314814814815 0.01484375 0.019842592592592592
2 0.7199895833333334 0.43382870370370374 0.0146796875 0.02501851851851852
20 0.6990442708333333 0.4346898148148148 0.0122578125 0.02501851851851852
20 0.6998515624999999 0.36106944444444444 0.010963541666666667 0.023296296296296298
18 0.010453125 0.17070370370370372 0.020908854166666668 0.05659722222222222