0 0.3382057291666667 0.3682916666666667 0.0175859375 0.01590277777777778
20 0.2177109375 0.40891203703703705 0.0103046875 0.02273148148148148
19 0.35671875 0.36975925925925923 0.011848958333333333 0.016398148148148148
0 0.236296875 0.33825 0.01784375 0.016384259259259258
11 0.6885104166666667 0.7745648148148148 0.0325234375 0.13371296296296295
16 0.24316145833333333 0.4069722222222222 0.009854166666666667 0.021879629629629627
20 0.21747916666666667 0.34196296296296297 0.009580729166666666 0.020712962962962964
11 0.30563802083333336 0.6388472222222222 0.008828125 0.036162037037037034
4 0.5194088541666667 0.6210601851851852 0.005773437500000001 0.03442592592592592
20 0.351484375 0.4959722222222222 0.0056770833333333335 0.013046296296296295
18 0.35220052083333336 0.5111388888888888 0.006450520833333333 0.01099537037037037
0 0.3603828125 0.49413888888888885 0.007971354166666667 0.00812037037037037
0 0.36109635416666663 0.5091944444444444 0.008065104166666667 0.008458333333333333