0 0.3374875992063492 0.27659611992945327 0.025540674603174603 0.03130511463844797
17 0.4784523809523809 0.18864197530864196 0.021178075396825397 0.03196649029982363
21 0.4764781746031746 0.3602469135802469 0.01896577380952381 0.04085978835978836
21 0.47733382936507934 0.2748148148148148 0.023065476190476192 0.04343033509700176
2 0.33714037698412697 0.19251322751322753 0.02203373015873016 0.03911375661375661
21 0.564156746031746 0.4730555555555556 0.006004464285714286 0.011397707231040565
21 0.6016418650793651 0.4946913580246914 0.005079365079365079 0.0104673721340388
14 0.5640252976190476 0.4517724867724867 0.00574156746031746 0.008373015873015872
0 0.6008581349206349 0.4509567901234568 0.007172619047619048 0.00814373897707231
0 0.6004637896825398 0.47259259259259256 0.006912202380952381 0.00767636684303351
0 0.6094270833333334 0.49981040564373896 0.0036879960317460314 0.004417989417989418